[42829, 129639, 149160, 167591, 214379, 254136, 296289, 349357, 385319, 403904, 454188, 476263, 577051, 631677, 642618, 691751, 790695, 831033, 846583, 896658, 958030, 1009471, 1046991, 1075973, 1094326, 1095903, 1112980, 1152797, 1168685, 1186519, 1191402, 1236178, 1252775, 1282841, 1286194, 1329318, 1334739, 1381603, 1421977, 1449575, 1464750, 1567832, 1589885, 1646995, 1699524, 1705584, 1707030, 1726850, 1731925, 1786886, 1804106, 1808974, 1846328, 1883785, 1887865, 1890851, 1910304, 1935785, 1958633, 1962822, 1988335, 2021899, 2036986, 2076567, 2090244, 2132125, 2182363, 2228934, 2265427, 2303678, 2318808, 2342695, 2392870, 2394528, 2419327, 2436062, 2487026, 2492582, 2570805, 2591047, 2593015, 2600586, 2618091, 2662302, 2666071, 2692014, 2728589, 2800999, 2845159, 2893840, 2934304, 2988662, 3060468, 3138259, 3168238, 3231737, 3280994, 3302294, 3342487, 3363321]
[41682, 96659, 114144, 130079, 131331, 136827, 137481, 186475, 189859, 207406, 255925, 276851, 339153, 390974, 395514, 399575, 401366, 402150, 416862, 417487, 423945, 424938, 427056, 431247, 447925, 448524, 464523, 465197, 479984, 496471, 497923, 498851, 508511, 531687, 532130, 532734, 535308, 577801, 580641, 601809, 615945, 627718, 645894, 700479, 750128, 754304, 755026, 772935, 775265, 824901, 841297, 842802, 843829, 845530, 848217, 850300, 868168, 884353, 906083, 907784, 932413, 934169, 948555, 982388, 995027, 1031570, 1034456, 1042452, 1063291, 1064693, 1078963, 1100648, 1149228, 1149874, 1173318, 1188875, 1190031, 1193824, 1197894, 1216811, 1217875, 1218692, 1235282, 1237581, 1239114, 1261064, 1262724, 1263733, 1264522, 1268054, 1272223, 1325757, 1372813, 1421520, 1447077, 1507664]
SIMPLE_AI win:  10 
AI win:  54 
tie games:  36 
visit node total:  3363321 
score total is:  1553835

[1804, 54648, 83322, 102341, 129938, 134077, 182000, 225111, 270962, 272982, 276346, 336393, 355681, 366854, 399557, 457100, 458088, 505116, 559317, 595994, 618553, 620203, 637312, 681488, 740845, 759430, 823613, 826424, 868292, 872241, 890721, 927370, 955322, 1014368, 1116087, 1123949, 1158096, 1160102, 1203451, 1208957, 1238005, 1259140, 1277356, 1334088, 1359672, 1361146, 1380405, 1384149, 1412436, 1453398, 1522198, 1540973, 1631595, 1662940, 1664430, 1687906, 1724136, 1752485, 1755479, 1858193, 1860377, 1880657, 1889292, 1905369, 1925553, 1993750, 1996403, 2019277, 2045163, 2046890, 2088494, 2122909, 2141043, 2169984, 2194499, 2216910, 2264781, 2290592, 2308733, 2347700, 2355982, 2371491, 2386703, 2433410, 2457637, 2507645, 2529151, 2623318, 2680040, 2704732, 2748663, 2764885, 2781905, 2797662, 2846566, 2922020, 2942366, 2947253, 2977082, 3006411]
[991 , 51897, 74254, 92449 , 118127, 119130, 120016, 120953, 123200, 123714, 125409, 127754, 145238, 148301, 154893, 211732, 212361, 213113, 264527, 290790, 311120, 311717, 327858, 331045, 388826, 405714, 460390, 461389, 462403, 463309, 480382, 483293, 509202, 530111 , 594563 , 597155 , 604661 , 605184 , 606696 , 610158 , 636878 , 656922 , 674271 , 728194 , 752541 , 753152 , 770735 , 772815 , 799620 , 800903 , 848185 , 865862 , 870205 , 894224 , 894854 , 916893 , 949748 , 958718 , 960622 , 1021797, 1022908, 1041023, 1048536, 1060115, 1077675, 1144778, 1145694, 1166433, 1191153, 1191898, 1196381, 1203425, 1220058, 1246232, 1269229, 1290051, 1335683, 1360597, 1377792, 1379375, 1382204, 1391303, 1405787, 1406546, 1411379, 1458805, 1478665, 1521808, 1576838, 1597921, 1599038, 1614434, 1630658, 1645287, 1646286, 1715138, 1733337, 1737085, 1765524, 1793850]
SIMPLE_AI win:  8 
AI win:  63 
Tie games:  29 
Visit node total:  3006411 
Score total is:  1793850